gryf:[1.6520525863014437, 0.973721182023543, -2.066421441456699, -1.3016685957220955, 0.48183146050628933, -0.6864478803211604, 1.5665942627589693, -2.599118088744021, -2.8299962465553095, -1.122989712585971, -1.552804939987588, 2.1378056812678308]
slyt:[1.7988970046964585, -2.018899441850614, -2.272367152960982, 1.8377964465470757, -3.2983288784869034, -1.0523987976618863, -1.5864548779593626, 0.500770427974836, 0.6568913878625897, 1.3871215433802204, -1.4855187282445304, -1.4341084410274938]
rave:[-1.6483843185386053, -4.790134411437144, 1.190637225664977, 1.161750092898534, 0.05200430411117889, 3.526195112982984, 2.0293173935499675, -1.0081055222101702, -1.2158162051213708, -1.5388091871459921, 3.366291527524633, -1.7882919169548028]
huff:[0.4190860082112661, 2.6126554310803067, 2.830119547433882, -4.173569422869018, 0.7833977760269242, -2.2290025267831988, -4.12719160148502, 1.4147838932086048, 1.287420261056632, -1.5448019937553283, -0.5016593444730528, -2.197819511878134]