gryf:[0.906219052799832, -0.09609555920688422, 0.9492003756034165, -1.841722635277337, -1.0429613228035823, 0.6132612272626533, -0.488617790970844, 1.6580702056621854, -2.3301613497930855, -2.52215089463147, -0.9136497310016601, -0.12797285421133162, -1.2928502752905586, 2.106491668516121]
slyt:[1.0618118079733072, -0.005915778225708225, -1.7607647007329794, -2.0503412347268912, 1.8225965087062863, -2.9909472805715134, -0.9436392903393328, -1.4006292317786122, 0.5695450911573728, 0.7452202591481981, 1.4223092511598046, 0.023333333957397017, -1.343689798910141, -1.23110549377552]
rave:[-1.3172075368435348, -1.2443227318953265, -3.2748967404121205, 1.1164607721327326, 0.9577092035685888, 0.3166134228460233, 2.7052341959283033, 1.6566014165747938, -0.5156557918370553, -0.6414242875315574, -0.9746041991151724, -0.8908919721609958, 2.6321459571482766, -1.2086317335318342]
huff:[-0.056516554040968114, -0.4693659694753605, 2.1128423000529954, 2.4279776866903404, -3.1693388540939695, 0.8104167337198724, -1.6266242251807161, -3.0663269581025183, 1.2219481956143472, 1.1678343413003502, -1.125534675437161, -0.36579426836617446, -0.20812510201991716, -1.6585312515909372]