gryf:[0.944708488894767, -0.12164069970498124, 1.1071442163214005, -1.9469429061838077, -1.1677672754138702, 0.6097231840582731, -0.5663258444999557, 1.7252911766436723, -2.4650032166500004, -2.701861076056487, -0.9520462324275593, -0.0974633609589091, -1.4973444052494485, 2.317893824161945]
slyt:[1.1607827502320813, 0.06885978109930402, -1.9014088432752827, -2.1529297021398013, 2.064275118938647, -3.3123291496306897, -1.0362103011761288, -1.5351178669819832, 0.6552311905666899, 0.8091302478841178, 1.5178710350948985, 0.03374271155523027, -1.5166057843489469, -1.321176640138786]
rave:[-1.8672538083974435, -1.5694610464435308, -4.332657750515492, 1.3257369299806876, 1.477044918346294, 0.43594453772765085, 3.5510292477278966, 2.336696918048267, -0.7417846197317202, -0.8184074507961927, -1.311100050020461, -1.2001172181046722, 3.494402762820647, -1.4445543212580074]
huff:[-0.032850065465603054, -0.4221805597732171, 2.8334836637395404, 2.7953273805871044, -3.871747027359504, 1.0577610942686082, -2.1217806008325435, -3.834240667132811, 1.496095459340382, 1.5198910493289537, -1.2734357383307078, -0.4107028936661254, -0.3530492043379634, -1.8962371992515168]