gryf:[-2.216592846089347, 0.279517293129734, -1.2999018402827687, -0.25951729312973354, 0.6184126639535393, -0.1841804669243499, 1.4221561550381012, -1.291464872806724, -1.6551250021391215, -0.22663131382415916, -0.5174116294464278, 1.4199657615748704]
slyt:[-3.167336693056868, -0.7299775915760732, -0.9912066638746793, 0.7499775915760738, -1.6724685556399386, -0.5024565831701558, -0.7022785365964845, -0.025795483171379537, 0.37892342044037164, 0.7715097322110444, -0.7459214297124469, -0.4830310904533734]
rave:[-2.0015931357084087, -0.7372650403182476, 0.5927158190531328, 0.7572650403182485, 0.40088263057949874, 1.499212774252661, 1.083489541601241, 0.06409234908245119, 0.1688360573396095, -0.16694650227705776, 1.0561008302128725, -0.0908005838414398]
huff:[-1.9110599921840332, 1.2743220668560027, 1.2613315810273766, -1.2543220668560027, 0.6064596166219435, -0.7294652565271402, -1.4032030711860581, 0.8625856159009365, 0.7158780772209923, -0.5517105681823106, -0.08922156418449483, -0.5750104778989941]