gryf:[-2.1849936009441766, 0.41878760932838566, -1.254183898258564, 0.6775352598206148, -0.23952817540910082, 1.3447999249873255, -1.2719527162574542, -1.6348439849938183, -0.231384464449397, -0.5549881774234761, 1.4331978186861065]
slyt:[-3.188977450533809, -1.081501506345447, -1.015771763640819, -1.7986769677477639, -0.3479742236694838, -0.56424902026841, -0.04909491738474175, 0.40845823581762125, 0.7782920993213257, -0.592145617925367, -0.5293768703624852]
rave:[-2.0605779023318482, -1.1229478355229017, 0.45718927437410245, 0.16764553646596073, 1.5666973835918363, 1.1317978652634428, 0.03720861842461252, 0.2174021624272724, -0.09813274532977471, 1.131506110477305, -0.17137428178702765]
huff:[-1.9185975121757282, 1.8988141475979405, 1.4126399880919644, 0.9024754368280201, -0.9371134383126161, -1.528821548371088, 0.8600614147573332, 0.6529438251493646, -0.5752680366232861, -0.2768958648303094, -0.4002129034423857]